ref_type         -1 -1 -1 -1 -1 -1 -1 -1 -1 -1
                 -1 -1 -1 -1 -1 -1 -1 -1 -1 -1
                 -1 -1 -1 -1 -1 -1 -1 -1 -1 -1
                 -1 -1 -1 -1 -1 -1 -1 -1 -1 -1
                 -1 -1 -1 -1 -1 -1 -1 -1 -1 -1
                 -1 -1 -1 -1 -1 -1 -1 -1  0 -1
                 -1 -1  0  0

ref_avg_def       0  0  0  0  0  0  0  0  0  0
                  0  0  0  0  0  0  0  0  0  0
                  0  0  0  0  0  0  0  0  0  0
                  0  0  0  0  0  0  0  0  0  0
                  0  0  0  0  0  0  0  0  0  0
                  0  0  0  0  0  0  0  0  0  1
                  1  0  0  0

        
