fileprefix tempo.pat

nb_typ_event    27


list_eventcode		   6    88   222
			 100   110   120   130
			 104   114   124   134
			 106   116   126   136   
			 108   118   128   138
			 107   117   127   137   
			 109   119   129   139
			
flag_eventcode 	0  0  0  
			1  1  1  1	
			0  0  0  0
			0  0  0  0
			0  0  0  0	
			0  0  0  0
			0  0  0  0

prestim_nbsample           0     0     0 
			  25    25    25    25
			   0     0     0     0
			   0     0     0     0
			   0     0     0     0
			   0     0     0     0
			   0     0     0     0	 


poststim_nbsample          0     0     0
		     100   100   100   100
			   0     0     0     0
			   0     0     0     0
			   0     0     0     0
			   0     0     0     0
			   0     0     0     0

   
    		
ep_channel_flag            1 1 1 1 1 1 1 1 1 1
                           1 1 1 1 1 1 1 1 1 1
			    1 1 1 1 1 1 1 1 1 1
			    1 1 1 1 1 1 1 1 1 1
			    1 1 1 1 1 1 1 1 1 1
			    1 1 1 1 1 1 1 1 1 1
			    1 1 0 0


ep_channel_rejtype        0 0 0 0 0 0 0 0 0 0
			   0 0 0 0 0 0 0 0 0 0
			   0 0 0 0 0 0 0 0 0 0
			   0 0 0 0 0 0 0 0 0 0
			   0 0 0 0 0 0 0 0 0 0
			   0 0 0 0 0 0 0 0 2 0
			   0 0 0 0
			   

rej_range_val          0   0   0   0   0   0   0   0   0   0
			0   0   0   0   0   0   0   0   0   0		
			0   0   0   0   0   0   0   0   0   0
			0   0   0   0   0   0   0   0   0   0
			0   0   0   0   0   0   0   0   0   0
			0   0   0   0   0   0   0   0 175   0			
			0   0   0   0  

rej_time_window        0   0   0   0   0   0   0   0   0   0
                       0   0   0   0   0   0   0   0   0   0
			0   0   0   0   0   0   0   0   0   0
                       0   0   0   0   0   0   0   0   0   0
			0   0   0   0   0   0   0   0   0   0
                       0   0   0   0   0   0   0   0 300   0
			  0   0   0   0 

erpa_positivity_up 0   







