fileprefix ERP

nb_eventcode    27

list_eventcode		  6    88	222
			 100   110   120   130
			 104   114   124   134
			 106   116   126   136   
			 108   118   128   138
			 107   117   127   137   
			 109   119   129   139 

prestim_nbsample           0     0     0 
			   0     0     0     0
			   0     0     0     0
			 125   125   125   125
			 125   125   125   125
			 125   125   125   125
			 125   125   125   125		 


poststim_nbsample          0     0     0 
			   0     0     0     0
			   0     0     0     0
			 125   125   125   125
			 125   125   125   125
			 125   125   125   125
			 125   125   125   125

baseline_eventcode	  0     0	  0
			   0     0     0     0
			   0     0     0     0
			 106   116   126   136   
			 108   118   128   138
			 107   117   127   137   
			 109   119   129   139

baseline_msec_start          0     0     0 
			   0     0     0     0
			   0     0     0     0
			-500  -500  -500  -500
			-500  -500  -500  -500
			-500  -500  -500  -500
			-500  -500  -500  -500
			 
baseline_msec_stop          0     0     0 
			   0     0     0     0
			   0     0     0     0
			-100  -100  -100  -100
			-100  -100  -100  -100
			-100  -100  -100  -100
			-100  -100  -100  -100			                       
    		
ep_channel_flag            1 1 1 1 1 1 1 1 1 1
                           1 1 1 1 1 1 1 1 1 1
			    1 1 1 1 1 1 1 1 1 1
			    1 1 1 1 1 1 1 1 1 1
			    1 1 1 1 1 1 1 1 1 1
			    1 1 1 1 1 1 1 1 1 1
			    1 1 0 0

ep_channel_rejtype        0 0 0 0 0 0 0 0 0 0
			   0 0 0 0 0 0 0 0 0 0
			   0 0 0 0 0 0 0 0 0 0
			   0 0 0 0 0 0 0 0 0 0	
			   0 0 0 0 0 0 0 0 0 0	
			   0 0 0 0 0 0 0 0 0 0
			   0 0 0 0 
			   
erpa_positivity_up 0   
