fileprefix tempo.pat

nb_typ_event    27


list_eventcode		   6    88   222
			 100   110   120   130
			 104   114   124   134
			 106   116   126   136   
			 108   118   128   138
			 107   117   127   137   
			 109   119   129   139
			
flag_eventcode 	0  0  0  
			0  0  0  0	
			0  0  0  0
			1  1  1  1
			1  1  1  1	
			1  1  1  1
			1  1  1  1

prestim_nbsample           0     0     0 
			   0     0     0     0
			   0     0     0     0
			 125   125   125   125
			 125   125   125   125
			 125   125   125   125
			 125   125   125   125	 


poststim_nbsample          0     0     0
			   0     0     0     0
			   0     0     0     0
			 125   125   125   125
			 125   125   125   125
			 125   125   125   125
			 125   125   125   125

   
    		
ep_channel_flag            1 1 1 1 1 1 1 1 1 1
                           1 1 1 1 1 1 1 1 1 1
			    1 1 1 1 1 1 1 1 1 1
			    1 1 1 1 1 1 1 1 1 1
			    1 1 1 1 1 1 1 1 1 1
			    1 1 1 1 1 1 1 1 1 1
			    1 1 0 0


ep_channel_rejtype        2 2 2 2 2 2 2 2 2 2
			   2 2 2 2 2 2 2 2 2 2
			   2 2 2 2 2 2 2 2 2 2
			   2 2 2 2 2 2 2 2 2 2
			   2 2 2 2 2 2 2 2 2 2
			   2 2 2 2 2 2 2 2 0 0
			   0 2 0 0
			   

rej_range_val          150 150 150 150 150 150 150 150 150 150
			150 150 150 150 150 150 150 150 150 150		
			150 150 150 150 150 150 150 150 150 150
			150 150 150 150 150 150 150 150 150 150
			150 150 150 150 150 150 150 150 150 150
			150 150 150 150 150 150 150 150   0   0			
			  0 150   0   0  


rej_range_val_min        1   1   1   1   1   1   1   1   1   1
                         1   1   1   1   1   1   1   1   1   1
			  1   1   1   1   1   1   1   1   1   1
                         1   1   1   1   1   1   1   1   1   1
			  1   1   1   1   1   1   1   1   1   1
                         1   1   1   1   1   1   1   1   0   0
			  0   1   0   0

rej_time_window        300 300 300 300 300 300 300 300 300 300
                       300 300 300 300 300 300 300 300 300 300
			300 300 300 300 300 300 300 300 300 300
                       300 300 300 300 300 300 300 300 300 300
			300 300 300 300 300 300 300 300 300 300
                       300 300 300 300 300 300 300 300   0   0
			  0 300   0   0 

erpa_positivity_up 0   







